959767
546863
392868
100678
944928
439712
987755
725767
806069
764803
606960
76174
678530
667449
450214
94450
577695
782820
932829
666589
522813
803702
458308
546088
946043
870228
85647
366035
649240
226854
615859
489502
401667
871038
87118
176326
537039
485538
232485
564127
941634
916472
479365
51530
125516
717517
461962
518356
248981
988225
131454
829547
465007
666899
462425
754878
175019
81221
566502
546288
203783
693931
902407
727800
60677
403670
319631
304920
466263
102679
270093
358327
694
666034
156392
286045
896209
606305
643942
664651
646690
480961
588615
118773
296349
321885
741134
264797
668867
987670
861343
164237
575315
971948
900547
881521
909151
320875
431945
345614
417852
124788
964104
752099
568019
662439
829183
709723
507156
643370
827037
157035
355851
278041
776284
520462
462283
556426
974855
646619
877510
137531
288349
912703
637054
805915
326862
278045
350998
62513
410210
708223
747266
781037
434873
851383
800221
815561
857389
985238
996698
514972
236755
275208
853330
335291
829345
530827
777211
328396
874089
636810
593465
564328
16515
769626
481806
853100
154186
430224
412270
668957
854140
486716
559278
616821
578245
215495
186074
372814
820437
306532
947493
429354
135725
753334
685115
622429
273402
389566
535475
292696
569240
869375
367520
14290
868023
919857
145031
486996
888603
631453
53162
640930
866429
420891
704515
706049
500367
957862
569356
474089
990109
170137
541819
665481
458063
963465
54156
10354
60299
881598
312566
712673
911415
39118
606911
359212
478236
873432
649835
686343
643814
643098
852688
646003
637128
813552
271749
86149
250748
83690
339577
18063
900840
632136
933599
103533
471772
833300
397063
908717
136824
965212
133000
890332
73195
558283
261338
289705
228118
234724
468544
64249
663502
732442
847458
748166
13888
465166
95737
131828
758895
388133
852515
941426
955802
570565
653206
642505
400313
83501
658801
362885
451941
870382
171822
817532
289303
808138
995252
161471
214152
53608
560905
786141
673784
286640
873957
65807
250827
727561
277153
569795
716365
9644
600398
907592
418134
466149
943459
279442
555849
526374
752462
835755
882742
605256
626539
993143
250080
883935
111506
834530
88792
729400
508747
503912
487432
809906
901405
338304
226892
575094
169027
301414
47930
641940
997440
793859
568770
639419
448522
43068
366257
840725
135265
867220
115280
998205
122691
879423
151209
803998
961272
952900
160425
176681
710920
368205
634401
914930
449869
470094
293798
762152
858915
611600
877209
466543
45819
137113
314817
424412
899407
327418
11924
22540
569648
614709
58581
402785
420667
491656
43415
859354
941802
282650
76447
929422
92934
671361
244135
697541
449914
16046
207935
449075
699331
54838
146830
64082
551620
410685
735607
445915
250487
406913
956311
893600
516925
42432
82730
683529
459926
306888
125837
845737
176683
104857
151390
572412
942280
535800
307007
720063
769256
546195
142778
12524
301225
178380
667647
144273
188511
743396
791880
865996
747204
736965
439133
671461
683341
573483
273779
831944
933400
560624
888432
436125
620417
405300
892618
496518
193043
782118
801997
279796
82843
148017
203515
291558
961241
20677
306125
320064
693136
953408
423576
956100
346685
305209
575883
695471
747748
103209
676245
667122
454021
993463
361571
533772
492654
929759
589319
144768
999722
391678
654452
802552
508055
513724
120294
920054
264597
446998
51742
536947
810138
958854
712651
932758
716707
29906
289156
632402
208965
82991
421618
428188
414946
18383
116555
569544
71350
807118
550009
967807
498705
952692
592793
4959
34271
426728
960031
774703
958243
129458
418774
742653
434307
150443
81669
53463
973116
398276
846317
354466
414773
710575
811760
287834
990962
272557
693452
975974
233823
103477
599556
353815
87884
831614
867999
763581
135800
767721
435081
378534
32326
495054
80920
532148
535053
591778
459306
328986
642763
446338
294378
329651
710585
256222
935473
274046
637369
106181
557833
23866
3883
525832
446732
914970
828512
909774
741227
171046
826342
756404
714122
903662
653698
834462
774921
582058
696252
534495
932574
143027
717716
298817
403102
684440
286098
815537
592794
178334
860859
455818
870374
802904
232416
409596
23861
552158
234384
881817
932320
233581
831405
490812
509765
260379
660572
797078
116876
256629
471126
473686
594885
4663
418652
50548
119789
262503
141639
263515
334224
323086
4221
138417
719944
179284
833088
19204
729699
7031
961248
217490
385507
533544
685905
977013
439454
171010
7319
14121
40390
643367
352477
936379
619203
528249
278438
371473
983228
806706
785178
635280
807669
315425
721282
111597
333075
184770
733263
969044
833722
675960
556501
168878
381527
689961
498773
103571
761210
813750
352183
206092
729178
989141
74326
744899
76093
742350
673270
707849
467567
235214
885521
289796
671279
660203
982030
991091
550698
644405
151123
539232
143391
394997
338033
375585
32353
463941
28286
557322
997115
647500
398913
418290
138797
631380
528901
529632
656725
77065
739408
403283
932521
8208
885102
336747
846689
424897
931494
247031
412081
588483
300558
660764
734708
937667
817018
646174
122340
727504
555216
134862
670022
963286
963063
675281
45539
198902
465966
363848
526320
582270
868281
383265
954447
974218
438133
493562
854510
632822
468109
493869
973326
321406
905925
762812
233182
516469
119028
690394
266565
364703
66703
126164
705983
460075
890335
279770
102687
693392
356564
33454
951730
438722
972724
628712
649284
19665
775660
656547
457532
290015
904775
975496
233058
503740
464700
191285
419713
644384
47201
674825
997352
199684
623486
897678
270026
867293
117821
530436
489349
651189
555453
781638
255680
634664
782533
892891
539885
550841
543125
320412
869806
754895
414809
725757
809043
211279
581623
38585
837826
222103
627399
598494
684336
889747
586914
809202
784011
108096
5523
600513
148410
989499
595243
499140
479740
968005
591025
592880
833453
713686
434037
875416
338855
447258
233541
858751
172933
523660
821817
224510
529603
665134
328105
73678
284609
681826
578367
68595
475942
25704
425255
384390
904482
834805
164771
676829
341259
246700
351034
493464
694313
191292
296144
654795
261069
678037
4561
599939
152284
220807
733511
210359
550953
289338
664204
893965
442752
715716
298457
567429
45952
166826
152508
890502
785440
846390
546216
836611
448082
683889
770982
500170
90308
542974
648170
278057
670211
203923
685377
799869
56122
296340
938789
644056
968409
605518
573619
974798
35409
321549
464180
654493
831035
128154
884887
667638
903832
711380
860352
306412
774515
622057
858489
342840
438307
88370
21894
391718
710061
353705
597719
901280
486022
775047
812183
573078
537141
937854
177826
728454
451287
86032
285715
792109
635516
861835
145274
810250
182127
782049
483117
277259
878740
935592
365942
302935
470505
496618
812906
738615
545583
42986
619033
225313
770722
281908
227297
72035
154851
918687
184413
582569
348407
141859
864955
313835
92968
289297
778859
382709
350409
884659
786676
531476
897815
213312
650912
315034
318075
371516
989400
363023
741868
164394
969546
711092
733426
849775
473030
52533
702533
954309
353385
96618
630420
193176
264496
868745
79393
63360
433006
69740
402377
786908
371928
158651
898594
103047
987582
242870
364669
410938
662484
955042
114314
480638
205935
654285
337371
544012
623371
258750
242881
854531
23752
738302
449234
633412
498358
614269
239629
285869
434757
729443
513108
706097
338079
975412
777303
50641
423825
784287
768210
176697
645348
134563
981164
409401
647050
121055
794880
842142
174900
772340
220025
15021
89409
610712
877655
529979
127760
546554
630414
504428
331062
427214
160397
606726
429195
129204
645852
70193
344031
812361
785246
504077
324874
907209
338230
212976
653409
138974
685510
281403
137861
892362
951507
828823
780565
486574
157380
184977
844035
63029
796810
468432
793924
215648
642457
87855
701473
242350
348563
425083
741099
149223
763590
390986
587531
157957
664908
661494
887800
883456
276049
828597
264129
622644
507122
585238
214602
727858
551616
530074
42131
178848
96099
647853
57460
780877
766491
314624
616549
256469
302114
52804
612409
939565
453870
526788
861483
702284
423442
617247
684369
641143
496772
714081
859565
697703
43513
597886
268835
963416
289389
581034
544772
40945
36799
223896
916104
89611
482680
350220
720923
817183
47660
991775
646734
326033
440313
915215
990958
891347
189484
510848
176818
932343
668612
210067
249613
503509
492942
369186
771748
266453
728943
210069
219098
448794
54464
646180
640262
811404
107283
303081
38854
908223
158868
944416
518765
724293
374091
587903
546968
323725
188478
287532
887902
697846
272116
36576
731173
602228
60628
434966
16146
24605
383915
108655
227608
254545
629644
210853
387698
512708
589265
423594
763947
542186
280384
645980
827418
563517
973066
281191
904876
627566
299821
696248
78041
775590
983672
711706
177721
151799
305199
663727
558063
342564
881156
970059
236995
318921
260869
303344
212238
560745
333334
630498
631502
118930
71251
853287
903386
430319
176919
432477
536303
767530
917787
179703
71592
441723
335286
464149
745164
994898
380546
497664
304897
522845
748639
796927
679519
313782
616273
14872
986464
897260
517445
306918
393331
291565
246065
851796
547887
743501
35993
525363
838949
422133
894701
9086
891278
208811
608911
220839
165539
126393
344435
903069
536460
726269
971488
43037
586736
465997
703763
489010
758187
620228
581186
722315
267678
245357
102846
706487
189727
381323
402673
656255
115345
984003
857223
954336
837583
172072
739882
444259
559682
150304
242981
262491
19027
677879
57962
814715
410361
860544
219823
158353
315251
304611
12402
560547
811730
222600
599582
358116
6254
355935
840134
96915
351161
630537
23117
780849
794544
580070
167464
175709
484909
376892
680124
237901
666778
454464
291809
520875
284672
37765
818760
227594
20605
32958
17273
557507
252884
558513
303028
979632
528030
276795
170105
111172
978911
821242
874788
347142
644020
567898
498288
993640
919911
778431
646620
732232
361637
997388
76330
902850
54023
600783
109636
497647
822988
943049
874170
506495
857064
61213
598758
301871
76597
541139
368817
55014
924872
578058
398702
979890
242847
114808
698660
47130
451958
36063
899433
501791
640632
994447
817641
578260
94739
796945
122694
887127
603300
289143
687321
46123
690386
190142
158999
75507
136886
764381
134672
927053
706808
676013
697936
770057
155637
484468
681512
586181
983068
125199
51591
448806
607064
585148
514113
62773
771303
494978
954418
974739
663882
987581
340604
495835
836117
774793
573611
502291
340710
904843
222330
653325
265842
936983
621551
440736
335995
504129
226017
469054
605790
214019
245146
884978
356360
565832
885015
240505
399497
652499
849388
559162
618880
323151
818436
957602
168502
950131
984134
442784
639624
112081
932180
724346
398203
630012
767085
488906
79732
424532
971698
813593
514303
878512
501894
56919
978573
156582
590862
246900
294779
597497
977112
788893
878477
623456
308568
883478
549177
566895
201100
436784
154272
269540
464321
762728
404759
974737
983536
800796
991908
4257
163456
43818
954309
499784
173551
675303
977449
496907
672843
832953
745858
512745
260122
407698
468786
930533
24793
589193
416930
465777
275362
467543
180402
940664
395238
279530
307722
38792
829210
286441
225871
109403
471087
498757
469874
428865
102393
124152
560482
605099
953137
272734
622562
570646
733526
406508
60084
254929
942382
971985
479925
677421
748906
342439
936770
715009
888167
812118
285144
385495
948305
824326
605306
668535
141474
116414
411083
497293
299592
255582
632955
451897
687013
72373
392542
172915
504880
889024
298008
408793
737080
919744
252213
839127
745225
980983
502421
121330
738727
512382
287044
729969
951415
643462
116392
175656
545405
581865
418515
66274
432128
831980
113913
824874
659466
255060
321339
135030
859980
892833
826722
290609
87774
277227
143655
249956
673763
802904
881390
38784
507083
887544
640404
149322
665714
211773
864733
835875
220582
968730
684880
650547
212933
37302
668703
947378
566341
611021
597629
295635
256398
809764
549652
265293
215426
52647
943183
528070
421084
441824
805842
413471
34422
474966
613770
366678
405412
12864
787934
971676
341950
491940
448196
982708
246780
119441
599921
535364
323641
327285
478312
488956
175514
794460
196660
28640
203912
214022
371825
906483
58008
657123
633924
185666
78668
865773
741802
105610
226355
665570
767534
6471
942955
237533
72820
521434
132231
199824
220339
255957
177675
582432
489600
72998
764180
321245
128773
599839
237013
111453
930960
680094
33468
538676
116871
456990
654643
15313
723898
34776
939266
677176
143761
126999
342097
840215
231204
694487
601099
599624
802474
845913
227039
233698
229704
886150
204064
180156
318539
765629
486476
136319
500209
258427
466090
877095
130018
351910
853196
902422
599100
717558
401460
375893
629644
621121
222291
366888
91736
324001
463021
365900
624600
795331
745432
756495
64006
46991
714018
686668
666059
554415
850834
908290
485272
336958
791687
794128
789398
184591
488702
24592
331573
700951
887343
477005
529825
927160
268374
468066
221779
851947
874959
928816
77060
240328
367258
858043
454524
829685
436735
199778
39688
358249
541515
731961
911625
255900
122936
185733
564969
672909
872682
241939
450345
674863
221014
410037
842390
195121
719037
833370
464091
878697
226518
697161
250543
257436
204874
343418
279982
898924
605593
17297
37958
953950
807130
97655
584520
961223
964959
810839
779422
621332
62967
391666
321628
607154
151181
246880
796207
722976
280685
882212
528434
854607
88551
562922
715487
497778
730508
106655
143010
973288
628501
481389
476169
655748
250340
353746
965912
505973
544994
676444
70906
101911
977351
898499
671633
79893
357367
390947
205870
839416
988426
791252
40220
84689
875684
696999
201687
673919
557123
472384
831450
77086
837464
395915
274070
497868
537612
103004
862974
931801
530659
133799
274047
522378
146302
959384
643854
19594
665722
834577
196761
596270
76150
658942
787999
951715
637555
770325
18075
386487
598420
80751
185051
508032
351364
366590
839280
319725
766966
639659
251774
396455
460424
721869
297587
806819
781121
822279
590485
243143
510585
693822
329459
103606
564824
588597
9725
485114
465846
47880
856368
868877
513314
155586
985449
909764
310142
256731
917211
175385
875783
45073
814428
845011
948211
303649
256793
914388
546547
220962
12778
299583
89304
344191
610625
929219
507026
6671
812475
82889
513683
195539
818521
875510
111314
283147
578568
772765
516523
598517
616604
416709
575779
69411
774940
508817
149258
302583
380470
405202
518009
289470
588371
578534
599291
350119
805125
304330
400648
154271
598237
513924
728940
770506
828058
266150
526023
90463
676923
843903
285613
734304
639926
649828
295341
410293
866753
686550
516463
395364
911117
475088
425079
83503
478354
910704
429958
348235
216389
877311
807903
977400
204903
204127
650855
646593
814263
21200
284134
532370
25160
931678
185706
298993
787501
12459
198090
908251
533584
614613
203528
690364
361442
488451
694032
777673
655916
755153
757021
436926
284357
659158
627131
706799
20636
835662
436903
253901
763893
51177
724306
849208
925361
332655
666820
432443
280965
546574
823262
655529
392781
939777
471160
878801
378489
365535
965928
306208
932965
845950
91684
905236
37191
164162
955455
803801
297090
484741
920271
302402
414935
404452
827888
394853
298555
424676
835169
882003
229635
604480
606091
439922
866555
379280
543842
969657
800599
147671
708132
163144
237249
687209
363007
853602
491409
709623
316815
981320
919643
817785
315845
156403
46817
269174
236003
939181
318569
979379
762531
384140
367146
415670
569080
200076
559392
466805
535084
382856
936447
802464
268648
874901
907587
762248
758930
480955
291302
812651
251921
787089
958251
760733
251116
372788
265496
373459
907408
389923
98433
223247
941552
321722
127230
909092
573127
201354
319678
969573
404985
593489
455157
756014
311319
338011
141489
591118
813057
387572
943946
327760
986150
163912
93560
644964
118567
210266
368639
212463
315546
152477
236549
487148
694187
144050
826244
376061
445212
804927
563866
391314
822764
297832
563901
148724
406422
410989
787917
182127
635632
773216
679042
197914
328564
474049
823620
473540
367452
498616
320154
157373
770022
131118
677050
637118
889591
775112
184830
970358
411228
473792
252152
630002
192427
548642
247516
269095
904008
83937
547164
651871
775812
167379
322577
397310
99807
762256
611284
16881
731502
831778
657645
293170
924440
531689
364515
609977
902586
6606
152562
852738
307243
273890
708443
754167
67033
314130
311957
809211
544402
673353
966817
402771
522463
374946
24251
520304
987338
221320
812204
545117
199809
637293
689085
367233
696083
305699
500294
311954
979671
108122
261028
787095
30508
193911
444681
966679
660698
169741
38828
232803
736983
561978
590114
789245
640038
633825
867909
13028
282394
961663
896336
37053
87161
184044
426189
172384
600891
395888
338469
942267
394674
774912
25175
381031
997827
509268
443908
588997
814610
282790
578342
997716
157884
676424
704161
955859
444861
824482
786674
116557
11571
630600
646276
894982
782138
786484
905121
335104
853109
557797
67077
777834
979246
809171
324046
229030
483925
284877
931344
298294
544421
628017
953350
309186
532324
862664
789603
680456
578121
636731
975558
420064
597303
172150
67339
619755
12904
594328
374718
341976
847525
499156
32746
481042
410289
302439
215312
183690
777862
601974
120563
868700
459895
430595
318160
374688
572340
32011
570155
774800
955756
10432
994309
641873
265805
436510
660010
573472
986983
546028
577702
454938
569902
177042
279512
188775
839518
740817
859998
725764
670393
309282
382256
198124
445804
872751
377481
58787
360784
204968
796287
170079
349643
664260
465844
987795
49303
60885
149413
186073
852507
842309
579295
544635
226485
380146
300242
222622
959833
454692
331966
651595
79507
563623
355402
322843
567912
544202
27443
104959
243547
292850
596065
847337
374603
480155
948566
188315
150201
101869
413631
667786
615208
132535
303277
681774
899805
821642
618589
580329
668550
762356
537587
571921
203127
443928
677254
586844
756559
25383
25940
241063
69945
359037
527446
99939
910478
779610
306159
374684
88856
939195
319998
779943
507698
770196
353810
130216
907211
746093
132605
532094
781897
974486
52865
211723
195530
158472
975848
609635
748037
443418
663024
786384
137551
519901
361250
640959
479098
135508
414787
725068
540312
963731
891044
46245
971101
683122
159188
130781
120290
916142
190774
998095
477190
256030
939949
390637
919983
521741
30387
565412
287214
964664
231689
305838
387073
456165
754889
977203
89009
977694
204247
760284
823836
20489
345718
22391
448717
861861
48503
668544
117831
596899
109579
449106
557345
152734
160954
33322
741451
442745
677805
424211
686062
841748
982373
118580
818034
884074
500174
595442
2393
250443
134638
376899
16008
668592
888504
555217
628518
495488
904957
383686
652509
50910
194562
333626
57534
73197
905772
82423
846465
715681
403544
635237
930857
429891
139463
919191
89094
251457
432950
546096
969748
412719
523340
817331
814721
581790
471917
485735
948620
627479
333868
563939
467465
834613
333725
250107
641473
919196
968136
186759
635766
756633
227577
928780
308804
143256
107188
704202
437282
491708
498565
741026
452168
392223
209398
671649
477675
962150
306906
21549
715108
106175
570823
280586
655534
768890
159841
776522
921614
187905
35664
612239
611405
740725
209235
403710
550625
478695
384686
843906
330922
224688
28223
648762
213272
13038
166319
587456
60841
930779
215812
906007
802960
408139
675602
507952
41329
129346
105233
561369
536265
255087
93578
542467
852971
70857
247276
537326
525285
12229
637755
975859
212545
244465
458600
834670
447783
762608
870523
625926
633312
931731
896748
67445
821520
48018
517257
785846
92449
188979
973918
954390
483003
291450
151127
53684
377705
80518
546192
352565
815749
512479
43665
139020
937619
622083
636912
796123
32314
232671
776868
955635
792800
481497
749928
854968
18657
294922
221256
497568
786923
598473
179404
848026
607416
694690
253374
563851
753193
387494
152984
133171
428220
540124
608399
93422
890282
636885
916278
313879
828192
637469
636305
421959
54231
357645
121271
642619
472338
870078
662434
82451
117364
519768
609943
577911
112827
244360
154156
928788
966173
348304
187963
613060
894269
332984
370722
481548
491146
14946
909107
7167
308085
644475
341183
112831
601484
545870
750906
908003
261304
32498
164555
2292
872975
827684
925811
115922
43415
470895
362967
663028
107800
691015
694571
883533
546589
904182
867517
947337
174151
918766
88668
93942
370701
313725
404963
660864
598611
177950
532325
964245
203046
577643
980598
370087
830546
926576
372436
662479
31136
448860
825649
806415
55600
36753
673438
695408
84654
147610
993685
372938
689844
537916
129635
478370
554748
577893
71984
547181
111232
13569
217836
607027
375856
985196
636760
970127
822415
516290
693167
347923
792235
571025
447791
232840
399927
23664
75783
63699
397255
121705
665758
583218
81831
163537
848317
434790
440919
886457
507291
825195
62823
606909
171780
308579
517227
241593
772837
467921
315036
508764
274230
948992
677387
883604
291780
904388
705474
533353
689946
617176
550521
362534
245259
365734
593778
898865
474911
439334
462066
798268
407128
758814
429660
512020
763872
27463
262443
111831
162320
290128
821707
837123
41695
689276
788373
953385
647205
747302
718822
761600
989899
820197
101530
968021
169298
129738
765162
969632
607164
825606
634464
329779
575706
920681
252722
203403
588531
826949
292227
536969
876046
850929
956722
448122
910749
669225
148380
648850
873030
407955
460085
875192
262414
775900
93758
391355
340900
364289
555683
801314
594184
940842
697269
866144
791830
106736
339199
871846
906099
814847
738823
95379
847571
324503
192867
605319
568740
798380
438836
518613
465946
277806
162500
963990
663512
999779
312696
907418
177528
800815
593010
663546
732471
256950
754821
697161
223552
357976
395413
549929
393683
88155
115595
556985
778322
51367
874803
506412
941352
840810
208114
600181
580374
914716
743271
193566
168028
258268
288732
624889
452032
309369
481897
983277
695869
916622
745381
214194
198091
667717
169482
112791
536135
515516
472356
305024
993536
909060
452150
145902
214557
60869
810282
178871
62062
20672
958834
736724
350349
795949
592895
465689
857201
532035
720285
355903
908559
717974
896361
182877
839916
312410
123504
575862
490180
877317
976102
145131
441744
578323
804928
975569
186872
949475
168558
787741
64149
12095
705848
742076
123681
307641
650932
526592
715582
250032
611361
610676
602911
116018
136804
127760
711255
449723
279004
816904
327036
974428
397348
334782
743160
544695
984932
777561
308204
387175
785172
281581
242240
146556
973903
245017
277771
684643
693648
859120
994652
487973
946123
704911
369443
564550
332842
956238
320767
758413
264866
980562
42533
996452
374706
967358
512425
126421
369592
466121
336429
633012
674032
897195
884771
594908
362185
83057
491520
924113
480294
311472
16319
319109
551086
58006
744462
456630
578512
47259
954777
378164
218390
438039
331250
956736
585061
158318
468634
139664
911631
3814
713263
619376
958037
387737
622385
167938
993148
269894
562290
459750
674570
559809
406362
473140
573789
197899
518740
823718
342249
546620
121945
956627
986956
880220
964631
321494
306448
520594
499581
688141
154044
664628
721382
588990
356503
947133
687071
53843
146746
308444
757271
106566
673553
881449
738210
579608
764270
527218
887658
698810
472521
290548
222386
800207
502936
900518
194760
222025
821127
540206
62343
41008
406293
124151
648262
37889
468043
953818
783009
563059
520600
962617
283425
394261
376654
117419
449355
213842
945267
722001
904130
238231
353477
837767
732121
877323
8270
358327
147641
344701
113247
44871
276459
86108
718508
765810
894788
484191
812740
373748
761898
916613
759787
66143
879494
547382
505621
697035
386696
160265
412993
184682
838417
991071
690800
129850
259138
278252
452289
617747
111327
953110
635627
350816
647775
453237
886102
781482
476114
608251
218838
433680
655279
238061
383621
724755
591993
403151
348219
48078
722638
412831
75693
456707
644492
378231
512991
227344
500320
462037
870023
501504
107884
522552
658560
757309
386772
212769
448615
37220
49062
120505
517782
568177
445924
778257
596539
6361
91503
812547
602004
487223
467409
909176
555465
423774
13158
384515
868261
739597
684456
737963
737522
865408
98582
55751
269489
784803
677697
211585
71795
282401
848115
131516
969303
636891
65404
539922
626785
122677
205658
142582
543666
947018
286724
903801
478826
866239
531731
460328
606039
879413
817998
690706
889432
142744
87376
527271
471058
924309
352856
918971
374862
542248
951725
602538
609326
735699
392364
651414
752970
33450
508783
229132
912940
313931
432028
271173
730532
194604
332359
571016
17608
47885
933253
585325
478987
90956
341262
361980
897336
385111
288782
7923
886284
370107
718856
847334
262510
539739
731687
976769
956556
574845
128227
332841
991251
504831
106892
866113
961546
235815
814199
586633
365132
142168
688386
134176
336736
573663
927172
303850
177463
877
789334
479116
699457
832160
490425
728980
993964
560442
327075
187510
713146
494066
123689
192753
525757
121833
298826
199633
445810
721013
534101
139469
982392
426138
453496
629200
567915
479575
143719
638933
335713
35996
690661
873131
805953
835545
297458
260760
258299
483505
67089
874522
926055
975437
468789
17608
782718
943693
47240
786520
805615
405850
556695
436474
133087
91287
715804
246816
934080
676726
360681
194209
904396
830183
387695
672499
808543
58090
932265
934742
389743
937221
995688
768848
129513
203538
220091
509459
864488
995568
791290
292026
987668
924954
391216
88498
859093
798740
938210
874806
957043
38209
47680
17650
40460
696146
262375
177545
17457
483097
189841
487154
436765
759995
532570
937149
56146
705220
353775
824948
901138
324501
88469
899356
722231
664504
67603
247259
880623
558676
384126
758963
388824
764860
177887
637932
903988
590113
288130
604752
188041
339496
243358
940496
723288
861719
628828
20676
703031
408552
593542
797840
244045
967744
347661
378146
651178
885305
701239
340887
159297
41819
232163
220797
789443
419690
108346
390899
7704
198937
199604
306093
478140
581660
706244
435284
238068
420827
83361
612426
278380
931586
36978
837579
83183
143157
31062
890095
357378
60193
647885
182604
676637
97518
271558
645944
634247
4561
711429
554604
246605
251005
838640
432900
628638
585273
991863
436642
365126
322381
245535
63347
868805
522646
707753
638153
262604
534329
870563
528296
291923
134900
245386
514460
424538
867408
822042
510919
398266
232243
623157
969337
94822
694673
418348
465975
331012
539459
745324
763230
893282
219248
813191
910370
830614
361255
553438
628399
323383
412239
454889
626416
439153
715830
145571
604077
963977
622021
685396
229647
137390
611797
357116
884479
253688
165914
192345
26733
334400
734845
572886
441965
301338
546888
278544
315259
221811
347067
172933
232607
228420
204475
478363
768875
363184
213994
102091
629282
293824
29458
517672
5619
693752
605434
215120
904802
146902
741723
845870
136328
739686
31532
294440
868721
871429
644890
691436
543523
958128
863892
54930
905278
961864
64514
196910
21823
541284
301397
995638
697502
771539
696057
520522
20184
848877
337064
769124
581831
317844
982744
357469
853932
967692
222996
206168
278479
143412
635881
684944
519550
558817
31734
160442
263601
744982
790439
643798
930510
660513
839931
798744
685767
794900
851712
134957
659169
453855
823265
852460
686416
543175
457878
615258
552318
528837
30841
120986
652267
33917
123769
851055
421807
551065
901223
303791
772058
28546
227374
85319
155708
37691
122720
614437
519232
666458
463787
119622
461171
703523
501226
540572
28259
626562
296471
503770
932322
950565
511839
928
737322
9012
518542
313278
772506
78638
103337
106599
877599
781537
633819
621748
72750
617093
686087
367057
564653
88182
240956
500680
300401
871309
82887
157416
505698
614362
836961
647249
962043
826367
161225
465439
667566
208939
794861
682033
149092
554674
474242
103061
696930
974598
884531
610002
780679
542421
335861
17873
782514
806142
65657
4328
62272
991856
771451
271364
735155
822242
852152
238003
38574
767849
813820
728076
148252
790009
779097
690619
841137
584122
684468
418221
703432
712646
735417
747924
590380
822845
711598
785687
928691
565254
538469
328218
233411
684194
320459
167717
845432
381870
256478
553907
270686
380277
888572
539930
659161
669487
419222
312081
194468
897627
745091
662947
417142
340212
924977
914863
668096
638738
228662
572121
710995
599584
376261
411857
402655
955382
906172
441534
949783
918675
520729
782982
787824
43064
300109
12413
901831
840483
1385
778663
351650
555047
649077
885547
159759
999717
723295
222935
412648
61609
329297
293770
348088
400035
111579
513218
160120
981183
358863
903555
619314
782372
954284
445920
686407
426310
262770
930409
552780
416873
512853
441905
130638
676787
726092
256442
714614
711531
513800
791871
471688
577236
824130
902686
632325
533920
711213
284321
489009
448979
756491
220904
197679
88438
211164
864052
133256
583347
728944
461138
842506
921172
788126
371810
430605
993811
230605
678659
666129
972381
175407
701852
753283
539368
411854
509962
911326
323693
561407
234785
973742
943108
344563
354529
535344
632476
761707
192567
40918
393811
785292
869740
87655
465976
383176
665838
645122
278298
192508
811257
546114
679308
948377
349794
782205
295801
289337
321536
508071
544862
823187
547191
17173
310696
785674
633314
81499
550122
39007
179036
769302
164474
232327
114220
369093
145641
781912
176843
667922
756510
370205
469522
724975
833615
329480
721989
215068
245019
136135
36854
641476
917638
637999
960279
939527
69905
251605
304800
428243
78773
936508
356377
628139
900732
892968
414404
646794
321533
101841
434475
422368
820530
597043
339969
593403
955895
738306
233720
700161
761441
862395
477982
752794
134137
252502
356788
504682
765972
877784
75406
114300
966736
78468
59232
791290
350317
784305
249322
667800
699269
8055
469186
401745
722217
583043
170235
423562
666586
245578
34287
732626
887713
411035
419950
332491
228363
510028
902787
811810
565893
543958
610911
462777
369744
572413
260325
397415
717664
600103
877649
696533
554263
766671
182534
413129
82393
757137
757426
651583
141131
170725
166432
632307
346541
937769
43993
571196
998098
646742
604216
745170
55608
984533
222665
227504
558408
272810
713885
324116
601451
278542
123053
587236
527238
153755
849001
37739
833172
532001
378652
225088
181599
192406
387389
837063
966747
849193
846740
707345
187807
68919
702342
691167
857601
323223
252416
142596
531276
657552
664316
952232
602784
175018
329779
195112
502631
150881
66015
556507
139055
994934
85419
921072
613865
262881
295290
220659
363453
767777
172305
35374
788872
402227
486434
264492
32755
773857
839094
862361
406129
313777
83958
570885
705621
607615
34069
64199
860749
169125
770077
43070
489535
668502
309397
696115
915710
584394
51789
438682
32489
420307
396550
94264
551776
973071
592512
915998
237220
412662
318816
771731
847690
840275
574206
485264
393244
138448
805833
970276
558092
837674
799191
758456
515734
82755
979213
72365
6961
971158
991784
299041
666225
387845
923557
131089
164668
627342
202963
600
630822
534940
457779
252438
142764
457338
344777
85292
758986
645922
806146
289571
32377
222771
939649
942124
364105
64386
464968
39490
852310
142535
313023
898859
465386
328184
95908
712222
94831
46644
986960
210559
573199
632277
383778
237958
344490
614952
725514
617021
163699
132857
965940
255208
255848
62215
649934
290238
696044
641238
255800
894294
356994
918180
554695
531229
57832
961715
884470
93188
161934
140293
236074
952438
620529
986854
350625
224199
580377
628579
17974
45736
789355
456344
44051
875926
325867
560999
105459
248532
22546
278213
857618
694413
297160
475182
803060
391067
27775
726009
328463
638053
741483
196422
707991
703906
760929
690067
684836
183421
978507
411374
552513
7313
608582
629957
626579
357011
654744
71705
534884
123215
403153
793937
129547
616971
804733
860011
653370
789192
502915
481229
402212
710054
85597
108858
920137
183399
401396
539872
16159
286732
659415
848461
248670
367643
962904
596738
489256
765250
82371
336032
779156
522837
28988
961663
454998
996724
723444
111518
768012
361736
835655
466036
115815
415532
502901
101477
896692
983272
175164
198928
755782
111576
895182
522373
962818
935723
360692
607252
130055
483527
235263
741888
272952
3722
849958
856339
933223
654700
584769
155083
321759
853184
342241
853362
493454
917209
41290
306315
332813
179337
500622
780520
891086
141445
334215
244057
659233
686692
14640
584767
435875
105670
226656
559870
699779
595410
340773
434960
111154
4439
455033
824183
559591
149460
168675
523979
334668
633491
931693
741041
597768
273071
378877
244332
897258
783287
876883
418701
48302
203947
115294
997382
133936
539171
86651
678941
938666
562383
409227
281340
160875
866969
369711
554981
659863
597223
247267
890882
787861
359932
632820
74778
737049
626558
524639
540128
63566
546322
231304
700774
851935
180259
680596
364463
828194
999106
631523
288801
848033
496744
57773
616857
270343
579734
704312
339161
710052
24157
249139
490524
739485
923898
735026
891402
764339
230105
735751
273863
485550
967482
825657
451174
666917
490801
788644
590140
787757
824391
964973
643215
308444
679871
991135
508332
512440
945075
34343
284375
536897
496411
209128
624861
146264
212335
785276
708486
115979
995301
530633
56295
824702
18388
276731
516307
37239
390585
870115
610993
483845
87126
418540
286377
618894
775032
624373
276473
607156
792786
62672
432932
165476
293381
728407
286601
921467
700033
3941
461009
650004
413445
24376
824962
799474
226242
986081
391025
346375
414622
867557
256340
682527
573332
738420
294837
504812
272632
971587
683203
547630
414936
839752
671747
583614
70590
235026
553507
411384
449107
569858
773423
422147
92254
170857
848669
509183
988841
710656
958210
212873
722628
872574
939048
900461
7715
96986
433399
126761
266402
386013
737807
570266
261929
280162
416888
618886
436139
273134
847665
556677
445448
117350
212837
71820
788755
178097
738043
456535
890925
588075
390220
575091
179152
760706
591664
834661
297000
318001
941041
733562
949531
344279
798305
537772
863658
324851
971144
637294
519023
529982
180149
833237
504518
415973
232437
403299
869513
773282
654946
337648
312755
842038
45202
697463
492710
271493
400369
253370
788359
57358
714473
152595
605255
951237
873405
731673
946493
948750
976309
969003
467375
277144
646196
139548
161264
164116
259557
576891
554467
673745
44308
79741
523677
491446
329049
29449
959529
955419
365999
344608
193573
197508
23586
88040
55753
939898
637927
926931
69704
781384
218373
992240
3982
33167
36593
398158
285994
96134
408569
495304
751622
842194
950358
97266
584273
837758
362916
920607
299005
827671
499373
427724
528292
1191
755361
125484
285381
39116
99746
523216
130669
605555
912956
944242
911729
189494
568754
521887
462360
105232
658547
898112
224405
78713
469740
959235
217137
956067
936503
639275
675527
594447
974512
671664
684329
158732
91560
126227
38561
287309
143731
311107
585745
469030
376349
70245
59964
308771
446585
159556
509533
196229
950105
487893
186357
298906
272665
111461
420835
800888
201494
763745
197547
749589
399805
274370
533401
143686
231229
844307
944830
615826
596382
909408
958169
608882
209515
303293
811730
484520
245707
806448
766495
454073
99822
895292
810249
599753
646499
944586
732361
511889
396038
458806
184780
341887
563413
34420
565782
716778
579684
835102
782082
25519
167463
771995
577959
185070
834989
896557
553687
275099
840044
726998
487809
391297
84791
126696
197238
207833
836300
178664
552905
719875
531401
59358
363599
834719
714879
900156
740293
450763
498655
201129
619793
418489
10449
865768
190625
532331
514020
586474
541488
731726
637408
176812
550567
729456
726518
301774
195040
469984
227929
397298
638469
569057
789542
55757
346903
316234
320958
427405
803787
887229
973876
47655
714894
604802
545506
532604
634346
901183
331094
610279
416896
451734
741994
920550
756469
624923
228593
520802
225194
406192
762701
898332
817315
837696
882846
255414
558537
383636
488469
698332
658442
67157
811110
259149
287646
415327
999388
793482
516773
782653
11526
803417
491308
373063
589391
598198
412367
812309
146412
858327
926648
206815
423534
275866
676037
29747
928567
124110
925832
665425
279625
763355
943848
405990
880442
83663
402980
956835
109764
65541
894904
9530
771832
133108
766424
914101
312275
968977
87705
159539
563497
519330
873839
841087
854526
769761
54225
859214
579764
107337
500345
632213
145310
315263
19719
262597
274546
554400
895365
71332
128221
706851
52678
670281
584945
730027
655911
436532
258490
807404
519607
205959
412462
801591
496627
191717
921218
411875
56810
574694
991065
615002
879423
110900
832599
115325
679757
369093
966164
490293
366437
355893
471341
6807
85426
635967
347380
872499
476926
184343
658055
356858
374733
497640
355390
409865
107431
522789
51454
292630
809588
62158
459179
567926
555967
956609
344826
4424
880605
150778
124836
529986
160743
484841
670454
455190
327330
416175
493957
436096
609920
186100
377151
304495
929855
618279
357917
321549
777392
768083
549621
787821
216082
533211
127148
607696
519965
493394
408585
698900
973018
128953
703908
842938
446959
896214
871357
489554
422201
242413
96233
295749
10066
542174
17254
895423
354482
206618
306384
938743
639857
87299
560685
840348
490282
762656
748898
351965
886332
563642
575049
785877
660714
893717
137754
95954
793570
976782
279878
619393
688219
382414
794018
324087
805207
962664
388672
600926
265032
447445
802330
242746
75599
79177
40296
620439
756127
526001
419409
182289
611008
960716
631997
790720
879664
643299
87241
776702
399075
611366
673748
832405
838571
681893
792374
211466
729076
173927
394641
762432
815654
43
614527
816715
874413
458745
956459
404306
808405
618979
45052
888096
429582
888541
813675
607495
405071
195254
99189
739953
136791
1778
565996
992004
865231
820870
691689
365873
288204
157552
453340
436698
289520
204016
144836
739934
827504
809702
948217
765890
973104
978889
132391
548861
753354
222657
288661
968864
895149
662307
215971
110816
450402
144391
376147
582337
696874
960966
252413
183585
18820
676181
519782
765791
514187
435129
584300
513766
165435
768230
634136
372569
678228
420664
480662
305117
755223
510797
380160
246269
113517
632765
309782
927038
547751
413815
925898
797377
183456
394681
254520
465102
255423
795307
907251
835714
359193
156761
762939
277464
426867
347339
541322
708429
607717
540163
480141
112947
641945
62355
678768
773204
137459
852056
105426
7489
732811
739798
524376
526582
273173
651058
997277
103723
276770
979334
643207
190650
606783
186788
944501
990247
885435
176299
586132
434193
984071
650431
445009
576628
305525
908200
789545
629592
744803
23305
509532
337690
813873
119162
926911
782741
483373
152389
540913
886701
545296
249018
526630
966648
774050
12911
413023
34057
145784
815192
626362
642009
564894
885182
133861
444628
357199
300319
938862
236670
303009
690787
144630
419904
519102
524726
850693
928275
661964
360006
719415
216200
840302
76699
817939
870257
922660
937870
618812
233519
461262
566311
179584
616089
153678
433367
526734
183750
475146
49102
895428
92856
255120
13498
607911
172965
373845
181982
396652
794659
461014
823946
84531
877423
935520
630332
630355
521882
903658
822163
920016
198480
671712
877036
114857
168070
889915
326491
665870
85823
749259
563976
587567
771068
173334
817827
614704
960190
363291
791813
446457
247481
68143
819813
817129
595735
235849
755315
437482
644069
557145
525844
465375
247262
797522
625083
641402
961874
118857
906081
425963
616051
627061
437344
1971
442556
409430
56690
703127
552575
344307
153664
63855
579209
813627
471274
635165
837171
860365
83091
667867
385608
830675
980517
737966
38030
868233
93352
590775
733427
328028
876602
929896
712150
987501
509868
523988
407470
829172
318841
856158
154651
726274
603940
740307
765831
420831
263533
538196
332537
815313
34159
677420
784886
401598
509465
174720
846292
891049
794439
94116
728796
310552
456764
639242
259739
430358
380926
265045
406661
45460
424526
201228
12807
548267
920259
841194
132968
968829
173250
548497
746778
998905
595036
579871
140131
218109
810692
897881
968739
988501
468395
134661
455425
460641
181690
697812
165686
850133
851372
962427
38326
866267
136709
143586
20854
243475
204466
765493
918558
890810
156734
288729
235469
296104
604079
455097
682435
511539
540923
202110
871344
610609
544618
815453
4630
230491
287113
178890
575005
101646
360520
480650
472243
659563
827825
93542
809949
316317
388101
756987
728671
390330
803637
203375
15748
668739
65978
95358
541195
211014
242385
408242
914734
694179
31702
149489
399760
555819
228092
683632
489474
270244
806375
623557
301553
416681
713062
496667
548336
157742
978256
527039
242718
376994
283514
518615
889780
106669
622290
482225
495981
378392
223387
119865
274770
602252
133061
466949
966561
704435
361512
32459
307801
517371
523613
293298
594021
863481
169977
686789
545571
289578
942247
528900
8015
499860
457889
649749
233616
221451
665099
866840
249759
561935
330732
362904
571216
76115
676041
442972
631103
995352
599584
85598
636696
563448
899518
861907
597186
557375
657341
845737
82921
328820
120094
10895
451046
151221
834239
223149
487630
701056
828729
482741
128788
72142
257688
611665
44443
647321
168695
160764
305309
326463
841592
42157
441713
713407
794846
791661
773820
744735
524103
302218
211766
864624
455688
655716
330904
404586
136423
316836
661407
243569
804463
25549
114560
758073
580276
599786
54696
866053
931684
795239
716398
768970
409349
351996
665240
683059
635344
664260
295047
589694
64746
584620
549248
891715
206715
162118
56599
86549
717037
733821
176698
129921
82371
601699
622551
189491
976275
115751
547627
505848
530786
397410
807593
806879
195482
655184
53443
706488
661034
844315
27287
614270
497466
649427
172729
320017
973258
281915
479257
364635
717030
788413
339281
563029
303560
542141
645710
404898
139850
616010
424152
199129
95237
782961
66367
741344
782732
334252
384932
640499
42366
518968
911457
706116
57932
994372
27862
557053
221512
283013
835601
691041
354661
830950
148889
162320
768465
717789
808279
836457
780780
175513
262114
467338
707747
423447
423973
223730
374190
544980
104623
768328
957922
986269
737879
108661
564915
300034
370058
552108
528074
31273
878899
942217
543487
416318
287109
806423
424755
72776
973672
95148
482829
419351
40381
149167
745743
572506
631568
888122
112788
409037
712153
600410
637096
705231
575087
76979
199620
570641
268618
462209
417444
785835
612147
947065
254151
276296
247114
565838
43971
241218
24308
285647
483202
693705
247455
354221
941469
878332
174899
661595
244435
168794
39126
472526
946086
627346
299996
97828
142418
836022
595210
812576
501866
711374
561541
145555
558034
772169
321244
598232
394131
996238
130095
599670
376542
250609
345338
651240
131680
67650
83842
755704
703102
922239
477146
461127
742638
838825
978194
677290
390577
672884
75005
795247
501809
201943
430174
603261
29170
281988
279471
937497
535672
618994
574413
151621
870838
606613
232387
912579
922414
893935
927665
688567
957802
548992
283992
743210
872213
967961
280197
659883
629622
999823
920280
382287
183242
758218
30384
254426
180862
2685
644086
892598
727814
583600
232258
412832
238941
595129
28717
844194
428889
411849
672436
988154
830570
954786
134917
757018
63727
903206
682410
664329
56756
560843
944911
838823
757324
258091
694449
886477
842312
235896
884197
340179
843793
841933
540483
437163
887399
880095
860589
590122
94006
97682
76991
671463
125394
121512
621269
225532
270480
629204
318515
665258
839680
198957
195925
919833
650
747966
29332
385788
700772
539578
206450
979795
945581
777165
571138
201546
333481
228749
483703
218687
385754
361423
663623
594209
130039
541142
379771
13491
910667
635175
615574
462640
174637
851000
745823
368649
34136
660102
18957
404746
554790
879686
102031
260890
916526
273523
113269
319649
456118
376518
389118
603332
89559
323076
580158
158155
477868
808049
430764
428964
232950
277730
998790
977025
718224
332528
838433
360860
691657
583368
150417
446682
347427
196704
653424
461709
639015
520196
472271
157908
933027
487502
231735
217886
257538
46004
36762
85195
882566
242364
950875
293043
967140
748746
799223
367103
298299
811226
744590
439221
580019
878280
658770
150098
426926
357772
499339
87120
844526
382404
114180
4551
820931
723434
774102
940912
360239
420069
313998
836484
265560
57275
320061
421379
550888
448611
8157
424016
965957
70392
487707
655609
826792
812746
410246
441685
521948
170831
43026
32838
443285
924855
641992
157342
289259
506333
669134
160030
807857
116249
600334
614682
207286
590066
54022
390200
223256
62641
38188
402455
326591
10001
311868
40460
323261
705618
67551
241479
558720
620844
965945
323284
42674
764001
67856
835390
693166
340587
660052
336270
255710
223765
982671
109361
693045
175206
109098
779575
177926
10167
298265
579448
662975
905126
503460
828305
786054
525539
566547
233036
29231
331560
854006
263005
912535
278341
351886
304009
505696
779673
233691
31906
17545
762461
397123
309165
993384
884954
7132
635748
583303
15035
873558
668182
304729
901949
308168
108908
862935
301378
587605
538568
332156
183941
96443
194438
720985
745640
982136
725540
850901
17706
658329
365630
492037
106612
118368
442674
28388
108242
751057
443426
596847
146879
470233
573975
502368
722072
463132
489218
959172
831347
371033
73567
115771
545673
511740
603827
651724
436302
977793
994292
732579
625634
409472
218631
664424
604127
660185
149539
448252
382611
273020
768085
409810
983816
563157
456222
351528
735230
628243
958903
75361
974778
330964
224629
109953
337207
729839
768070
291844
51899
162461
624475
994779
846853
561924
678688
974148
721634
279970
133158
295877
580767
509714
473634
89988
664153
161342
616143
705414
593136
948962
603182
980290
209882
725880
141358
443809
643476
719622
396902
966549
603506
893376
556862
330771
553816
53466
38958
904814
901313
443503
625374
287633
899260
977543
61037
36633
575864
776328
788622
268237
329844
649084
551948
362555
454040
996795
613102
903344
613090
105397
234229
713555
635193
315422
789506
121886
378526
398454
485716
456506
263744
828276
365424
192503
103662
622158
615001
815141
614951
204520
63615
578770
23245
624215
292532
768159
535608
678416
298137
838273
484967
694065
138455
835218
501778
332716
639753
324817
373211
756684
635127
660540
251426
770725
776446
378441
706679
102429
387979
989436
754539
316240
375174
756647
308607
646948
669707
484164
960958
76075
54035
845352
287975
693166
220081
541285
762818
490524
830329
607039
877587
452175
399227
172808
987500
317431
270701
940763
788317
799717
861414
366833
960839
240502
136391
557027
100431
925594
863796
371836
267630
319424
816704
584506
766116
205024
262055
685730
376140
25700
108596
726909
399947
428980
380803
811442
91490
622109
654241
866945
847076
777949
640527
724250
805377
523789
343846
704344
100928
987179
408852
31389
738123
927171
933444
51338
42148
444474
426332
12443
393142
474615
755296
867550
286598
26094
695604
205774
693896
77386
242046
12368
195086
567095
728234
77705
907739
684553
827975
599834
484118
332236
803406
367161
765210
36009
528323
367981
277802
585521
628724
142181
420930
286089
110111
895286
307016
787507
29105
389616
522274
210613
556264
981659
384289
766631
534489
171539
689050
839838
489294
210045
882902
283057
612231
549797
898015
205988
837921
932214
752315
527801
167253
453909
135285
540879
921303
669978
609110
624052
931294
407723
538995
798095
702211
755575
372768
54179
10051
772556
276098
47745
811359
427222
682562
283597
644323
411573
154078
569962
677507
797497
453913
579397
567840
158333
527763
356027
842986
18269
41139
814184
215200
62805
166848
292429
811124
870647
911439
465053
254026
602121
846999
369188
679710
545273
388320
294740
654596
238717
77594
199726
812171
247755
442442
288394
199867
494770
334431
585091
691070
987668
261987
585473
495323
512192
713485
435556
226077
795312
932531
593353
925714
942364
643868
645501
59311
207608
913780
739324
638161
382417
932825
143268
876638
184831
855762
510907
109066
374920
486175
850393
265078
149074
447019
953268
476978
37762
736542
217606
238307
277045
511247
129373
548480
560217
296215
799103
428918
503274
41536
378999
582892
848581
160029
998848
781793
677994
203635
693261
554864
280787
806037
518323
575798
180139
586061
41972
901898
214573
91254
988777
17643
951386
378279
220427
68856
691094
942154
660702
139352
534944
641162
322618
363641
222636
548330
741943
702582
260703
592819
423348
281426
60454
924358
777732
122465
562484
409679
310646
48518
769110
49562
916992
609687
503732
70911
168007
52957
922150
111289
90638
528695
102512
92053
129976
643806
605788
154758
572667
36290
618355
501269
581668
107604
978007
662965
243136
863197
10688
972981
679470
84747
189073
552654
147647
741580
413142
922396
530119
294739
586141
856362
143107
928696
858542
45414
203686
238652
271847
809395
434306
360426
212601
901789
990480
119768
243065
284328
726428
980237
531491
802305
76880
491773
669938
953238
243738
498287
896085
467905
76285
741439
22158
777375
171697
362688
644716
907455
54392
714937
851875
79287
715839
910032
525573
320336
368300
183557
179999
242465
369866
822101
633010
732153
952975
562367
329421
956662
360774
872866
366788
8882
467869
412613
928719
647325
814285
232817
234753
465510
337761
288761
402914
171283
462054
120026
142572
890929
946030
672957
876767
118949
176512
960665
844033
304992
533727
329973
78837
51761
702069
867147
581175
626676
987293
956488
551026
995816
501002
280560
709246
947935
568599
541471
291961
260942
865771
588842
454657
730756
970184
354788
636939
289592
254769
588669
768867
344955
237686
343364
474944
689612
708829
204748
395523
903626
927151
814381
411532
843332
808860
791266
916857
96108
253899
917456
578492
923883
751298
656166
814168
409998
704239
235807
231480
129053
394961
483108
386860
94412
219014
421135
130561
853899
46961
208971
110587
511672
930119
506071
423729
262580
404855
686441
403910
768339
252084
974575
244927
829677
790944
885616
630278
709138
349782
270866
986426
527898
72596
759988
18289
589849
654787
349883
523915
379186
263269
874795
430452
57475
701338
974187
32885
254014
704911
539947
463031
523159
453060
998241
794838
669017
294519
710574
499230
438292
531186
197216
284773
333105
587438
809424
469509
953446
609571
365996
46644
275268
787437
425871
555905
860461
991708
598604
838124
350308
317528
703946
682915
185469
168111
368137
797205
761651
666493
403203
790965
544024
667383
262573
708045
682791
178324
891292
811772
603829
546136
711941
803342
217670
636094
229149
408886
856572
953665
786207
528874
985962
523399
456876
100763
875719
455083
288588
282064
864895
436133
272018
335838
310883
423512
497566
853702
846143
888248
9341
502827
735372
126038
557931
231534
44220
946314
645432
377000
467635
931388
648903
466179
726678
539727
359283
339509
152763
989866
140749
663963
244672
20707
600897
920558
399479
16970
881943
563300
761343
758032
380437
396901
782062
9171
318209
440488
901418
113095
623107
836266
210903
394562
322409
578379
682090
16739
49925
413125
37981
36704
878321
804233
463483
963564
947443
949624
332123
54273
604219
310138
725865
868367
247689
228287
666271
8577
881771
821392
945940
887080
391332
161233
659755
51846
889641
287189
261932
639033
184325
967646
87663
899395
946972
215536
365492
519730
117388
432336
913104
902192
247791
324702
784770
95977
255997
565068
483044
629780
335823
539898
212285
43553
412734
349808
628211
911678
912170
428023
697310
475461
911702
608532
477495
889541
279985
52386
713135
134635
367536
651659
161948
909836
906966
938082
140558
816274
557013
589280
34688
612546
21902
587450
970154
397222
206645
364379
804723
71835
500880
971779
356356
466553
527070
343612
520824
971930
333972
531380
733423
721289
62722
125948
50498
681353
392981
990236
908177
385535
738165
412624
735479
824445
601103
296740
215263
68139
595373
473191
28016
70804
125504
420751
759588
693194
530880
948841
297142
698039
619050
686458
119546
510466
848744
187127
269318
395802
337231
809054
826190
889698
284866
669552
883022
26041
902899
579467
297056
60709
435466
791655
77613
288027
930654
489645
971392
782829
445600
64111
132598
463824
850839
135624
491218
568521
730245
531601
928749
334260
319081
254269
829450
254449
834078
293074
750664
700460
881185
882949
98096
381254
26735
405680
41006
520421
176269
329906
723933
998805
39841
662819
772475
22937
564222
568242
892092
306450
958909
256798
609402
813835
472646
979341
545225
687327
640942
888076
275497
74695
288507
934436
735893
246660
169794
47765
711864
607781
315377
686322
400831
532662
309417
702424
758537
840581
897987
858252
615099
885522
532276
288689
478129
99986
569099
463842
683535
899360
673239
352754
789429
270721
457509
302397
45329
184402
319590
551339
597582
685392
614512
80577
589738
544964
800539
246883
694565
637385
194060
381610
195669
934267
568270
491166
204374
242110
28891
590864
834591
175080
984315
130263
345841
713740
349636
196453
420008
740004
387455
243397
474228
518234
25899
279923
174561
310963
337115
188311
585937
322969
480186
312480
183820
194755
937519
100985
941998
18243
56667
315051
193151
738411
746559
708495
900000
539421
645627
567918
466912
108590
802673
49975
969070
462391
955144
956316
996585
598456
893965
538633
100116
152232
669107
287169
436965
61981
607867
230103
144188
672212
607983
842951
173617
483294
497928
201007
823430
807336
652335
383597
503611
857509
960929
219798
723201
409946
313387
81615
506182
764933
37653
673292
901167
205931
961307
14115
453220
405373
763030
373452
829380
825318
929658
551159
853946
418420
598072
208778
690279
360544
702276
330998
483263
573051
612145
597237
130800
106359
112119
480546
918012
505168
447831
792116
905192
610325
840341
218904
127308
930583
280612
787883
909195
147757
997344
318673
990173
91168
315765
246773
691976
262458
434909
115037
631342
500134
635206
578856
625791
189700
662609
185127
938574
834444
489847
750486
609793
597468
493766
51702
383459
307039
788041
523720
673044
753628
592134
531623
277984
143896
256737
451330
676716
912553
505246
735222
477452
335001
72196
651972
512434
216819
350685
365108
513602
238573
384217
558597
860801
853617
793938
280655
459819
704970
692330
392887
596387
257576
176272
182095
603141
882127
357410
434120
686423
994
272300
288916
311455
847368
294799
35036
376014
927737
630589
92571
115098
477799
976417
479958
176681
544779
449691
45816
455401
163594
304105
778957
691196
653124
342497
24859
153425
942394
186331
220697
831118
782361
751339
304141
838441
106535
332107
30853
102870
431561
947032
715249
982811
688302
38131
954587
444799
826588
554376
817285
12192
15957
288299
227166
565604
885349
258718
279136
454024
37387
295151
80905
46292
417218
676798
598451
774383
216811
716125
285394
800655
728728
490768
580362
552520
588535
587059
899435
887942
965913
755707
979274
390614
399646
470740
229181
803742
49023
620906
551794
362541
251704
8132
247660
736749
83728
378058
634652
222389
977030
619495
439320
524155
540314
816969
203642
707943
917749
548869
251736
108354
815989
436440
520283
967565
987673
677065
722430
825838
510022
921450
625701
307589
382196
130365
625687
270750
91704
536946
435290
956927
114798
510926
586986
254176
88130
297128
501461
768506
495707
77966
340534
81912
66789
967812
963660
807690
321594
640108
914998
617561
37741
421953
567629
617813
959730
643581
421342
811561
897517
19739
961282
37712
91989
586487
709916
812801
534725
499153
951791
849798
161759
834864
501145
811563
881629
39203
822512
108177
168566
357858
210616
455970
311721
474196
701310
676254
570280
320682
566163
646484
957924
911016
598376
168045
223345
653188
336003
449955
537687
819239
556636
312719
655220
151312
615894
701983
563729
897048
327709
651366
742271
970832
106392
602829
570093
349318
383691
936231
184458
295143
806797
755171
615569
203774
558688
29978
464438
821146
140466
784584
398443
41934
27631
781528
407823
243218
316033
658904
870644
790791
680229
745356
235211
769880
27115
798302
17774
29628
162698
893363
557450
679960
555933
293656
790695
207744
455486
363931
192598
229790
936062
646070
227254
282795
707710
570727
342882
154715
109933
105883
744186
393494
60254
557960
345677
494496
681348
336474
540000
606745
672781
951813
121054
396192
147993
997561
122779
999507
145878
959732
911942
484530
474234
557681
898923
695714
617819
327998
586531
651917
205166
78571
171865
233254
226010
520414
116089
343306
935864
6660
913974
413442
977386
730338
625976
763621
633813
919241
81889
754331
459324
941160
467707
127484
635514
218363
377536
595542
239708
20578
120261
651598
224152
556556
496515
230109
738542
608082
86147
438588
630106
2080
456678
958043
165555
131726
596366
784650
12772
985997
882797
988987
514180
896508
446312
949470
463571
110234
766503
508908
619987
555926
894587
442944
195456
716099
857453
276447
874350
625511
535327
741336
425343
661618
883361
527111
846397
597324
116371
26803
193242
572103
368818
235351
18177
884404
306753
623486
621208
588049
21972
378695
981333
909344
818620
731656
242426
740563
628874
243023
680302
433891
811266
551172
110202
793407
209758
492586
381340
379682
10683
878340
135755
244733
861924
174036
640585
252948
181370
342975
657310
159781
97212
892940
236726
755074
825209
411723
325465
969984
826255
773778
651010
731912
361950
71267
424543
413258
126607
516137
563300
131090
160891
369761
757196
654515
302713
35286
270190
301407
251335
265220
146680
85656
299411
385630
43530
186113
746599
872107
969073
353614
157168
826379
581182
648219
853801
263768
339715
254232
417897
196328
549993
510241
313925
204910
854193
469163
422051
205184
573893
271578
882716
861427
673530
397232
240973
894626
727909
388449
651195
416654
75223
496322
72800
1567
40438
985375
895446
548233
373497
919979
622495
841930
178751
523026
157135
619599
336589
484459
202582
386550
212194
763465
533486
686383
302329
71409
388765
791483
814491
920357
801511
637143
368670
589727
333076
814450
990397
242714
494553
176089
328725
841929
550182
524531
600890
528619
172875
737256
61876
876406
437320
30558
871641
800752
519215
989403
212424
140829
142456
986638
746495
429779
746209
30377
150618
551657
121536
976615
638697
807054
473191
899051
615660
749429
844850
773641
683118
816174
308783
333853
947003
532624
930923
904793
183102
549523
771733
293917
918140
540986
59857
870015
956391
9453
615068
84778
495008
886821
706519
849122
206348
340544
747058
960741
481682
525492
467510
747309
892014
428576
591086
165267
550325
524926
412531
350285
679013
523253
234451
720216
619944
311947
807582
147121
414438
990136
744268
480188
556931
788501
619406
742792
677308
499891
465136
702378
759321
510089
644711
201862
363792
556805
324669
24044
127158
693827
123990
125918
283618
891995
570781
858608
173792
569493
931664
541384
174927
306168
308390
338949
840024
575936
928217
487484
395979
238253
562259
655198
136087
221752
867577
264181
391718
214049
399694
554829
573715
406947
472454
39919
358537
990409
90984
418441
675193
314522
967966
842921
302199
429936
250012
557480
157746
274599
413803
365027
483406
856752
688465
116133
360864
592133
741791
323233
713285
865975
635927
184730
811935
331235
423799
201445
634158
315523
959398
362118
145094
109984
601466
307192
376114
166117
863204
254537
488230
499472
488569
213025
297625
900289
936797
275619
455751
4405
469966
240491
665985
438860
168202
812344
546351
477190
91230
379363
408932
657932
201869
298637
830492
850795
321945
916440
344597
760091
641905
267276
555718
579325
436022
474073
680000
541348
627755
410428
446240
426379
184954
228666
110126
767524
451357
226185
559958
707856
384815
661006
470977
722730
830032
394817
155918
179261
324782
991021
824818
218966
716791
665876
272873
918581
360152
383152
663959
389853
277744
399699
96832
798411
784726
565680
285664
421123
855363
118258
349417
552517
372574
152714
836631
596447
347555
578758
773297
411740
359086
761629
13086
463130
40682
479495
393312
600185
37393
584073
486066
889135
107806
18574
517818
581433
265367
362481
403371
485100
200048
376088
168443
419754
898718
463994
211323
474800
20410
228288
164568
463627
337293
513417
912556
723114
293246
342664
639490
258767
929365
949513
608549
490784
285419
5969
424675
461658
522928
780578
137315
106533
10841
617053
639456
631554
619108
717122
300097
269152
816521
151635
473495
449102
441151
501720
38834
185227
436135
385723
459040
227514
130905
281043
109571
546418
739274
811838
301326
764465
653399
336102
917084
159152
263152
772263
609901
987601
6436
405767
291389
637301
109444
504035
341187
730154
276599
341547
639619
78721
438362
496644
92944
857214
413457
696396
856034
880233
125359
765754
987087
606722
623422
391970
539562
57297
716971
108952
93173
438043
223569
779053
706819
114993
214944
61973
938095
124002
819369
456105
810482
782800
782922
375943
664613
109024
752817
413079
273044
594827
366030
310505
978171
111122
53593
129018
711264
271310
772797
138902
486924
482661
966624
976535
940583
966105
175248
498763
97839
108858
245963
424243
641045
440572
110954
995688
770100
966563
17644
219225
830511
590490
471195
206063
374885
457060
888861
927249
779411
442794
983194
547139
392327
31346
78084
237673
648509
937328
147271
370602
344
639031
6287
961776
257278
723656
999985
720779
572880
474571
462455
406197
479237
350491
768971
282224
223266
444476
599742
709708
393560
135912
536630
104773
678010
23686
293170
476680
310361
764220
300155
103958
538557
376603
945194
30658
345155
972921
592272
30548
112334
178653
93957
806672
98475
374418
483856
194320
469701
959646
786992
958094
486785
868429
429637
889534
661303
640678
207198
251992
223566
228927
218656
889651
848947
794092
534863
131085
668534
973523
742780
739111
985985
126171
161995
261773
631349
295747
306144
694900
179170
372175
800742
429371
605667
98908
62203
137620
534165
46613
179964
166524
23026
191294
266792
865702
263949
432046
639731
943478
904876
687834
500906
750632
278141
784587
621949
808145
297143
876402
145326
392126
79054
350290
377557
576825
461714
624475
488781
886890
808293
952023
853567
244313
763159
433277
490056
304977
591712
576675
39434
964064
704121
589969
660876
156732
764183
102705
238095
679616
105925
587426
456494
573203
235741
221803
161136
868329
544162
287564
772398
185955
750205
543281
214811
639826
493330
862272
575989
607961
915903
772305
353479
875888
901873
990909
645912
541765
8418
391247
43956
675965
802867
870424
365204
481816
991393
73503
757292
580146
790695
256756
314514
192741
606576
782309
467270
323660
846456
495050
706146
685859
10238
975867
272991
331658
472104
867106
461057
113896
188531
829995
607137
182764
696660
730392
652757
693295
713392
461616
287037
586037
803189
34839
287981
257171
335891
622009
513330
166314
219099
382368
15491
345041
338482
807846
677830
537425
666865
745092
881659
371081
780893
441416
3977
107378
368574
558373
154403
845693
738526
507877
826775
621913
833951
491897
176563
893328
326585
559089
533332
965649
317584
281478
8588
832904
316334
765397
544431
829865
862818
671335
874042
782157
972468
560043
696801
564147
847363
958469
567028
632103
482686
345023
412013
94848
571707
821853
868504
350210
327159
520847
305503
356068
426411
203904
968753
581293
929863
564620
771727
374520
209229
74574
637363
519190
449933
251990
990173
861266
566713
99002
506235
50767
457892
176836
444532
753166
247132
680649
725841
392076
624416
220185
172040
177736
42688
390994
454823
13218
262992
575823
830490
21151
302920
844222
459416
466569
948091
811983
135024
269556
853938
2633
685484
334683
356709
73143
663071
933608
185301
91263
920336
291858
819208
328210
713283
243873
69346
419455
143712
998093
381533
224419
781699
214660
246437
203131
62815
987019
626451
210522
750159
92924
684867
229813
697467
786157
462228
797596
968419
284017
579579
366851
581643
99576
333956
500607
871811
502674
119655
414540
407762
566480
577219
517514
52927
30411
831290
345481
379579
127870
237800
553145
506094
586126
420928
246468
917532
290859
870725
664759
361076
899598
163362
833435
277493
443938
66728
319714
111677
695423
216994
393213
656112
11729
451925
601547
198209
846871
457241
450795
816096
35208
575886
489842
191680
10704
426877
407032
558404
122359
745549
135629
667909
65507
103263
21641
822466
190708
195334
574017
314981
376525
24166
2390
378158
447347
361896
929255
932287
44557
176663
783206
881090
742859
296858
283720
363194
734435
23566
817942
363301
909815
63551
958817
995851
314899
470020
174355
353383
732370
258804
969696
713582
782560
762312
714202
49152
202201
349327
908644
17514
924048
154824
330366
885718
365485
405343
600896
605136
854510
484871
783778
966709
125070
876400
311799
425530
642370
218278
870586
831382
487392
807110
565121
721678
873947
430429
220110
639771
573353
237726
710341
974201
650309
542656
396791
875854
953936
761458
606812
144565
347859
722492
486688
180967
503967
966323
709844
333830
65557
293144
736325
712517
612546
295567
866346
607286
898594
165431
216631
569585
580230
763690
7886
774430
801616
379922
867669
767328
369178
121638
816482
273374
843318
596672
542803
310255
470736
696605
496763
21794
244016
376432
369719
594087
408476
612899
416606
130012
840730
615403
4374
748152
494675
3270
909124
163086
591955
910868
328987
680639
269421
233103
54934
476927
306492
882089
464896
612418
241860
576641
717808
618626
60726
563457
418643
513136
905618
370326
628577
632180
842663
355277
60466
478243
823286
122183
402281
544125
632629
348505
374478
929567
115823
76610
433210
436043
960904
343305
681899
820882
220447
570803
410872
545756
679116
875742
807198
253396
725128
726206
208760
900018
413612
184881
260749
28454
131026
584128
796932
559454
850968
633140
834290
758324
422211
450259
787412
317111
507391
596214
13720
526997
70084
670920
345237
387810
79061
508061
81884
788039
505699
520748
112038
125385
291342
665643
559020
584309
800779
682949
777750
167654
497312
155899
59659
216242
310796
348756
551527
706615
612485
399170
55755
779069
693657
728915
211341
872712
617462
42192
972112
149117
187141
528054
284591
153902
378288
23310
479571
770628
666885
885739
616677
866248
694642
411072
809180
781006
377328
232795
773175
62718
825853
246466
84103
836160
826241
454953
258084
546116
453330
395020
554048
112683
859859
403759
387928
121045
43063
125808
1350
715912
519203
146949
703540
511929
756338
580760
511211
635771
509394
414012
981385
713153
603211
71370
386833
40465
565664
773853
832092
881992
677326
151590
563374
147076
987441
266348
729508
636273
881990
892515
190025
975411
481163
484392
947655
767981
432131
179159
258682
662124
366998
977226
713632
886516
758292
637038
665005
229988
419034
216195
815483
793224
658637
763312
474911
693243
547972
555840
788951
773367
296962
974909
705311
643387
872800
9895
432482
18839
405834
47377
81934
537879
848992
236505
796800
773514
118396
906178
663519
982382
901395
347568
96388
676473
547252
451263
51287
871750
711982
460735
852725
445275
631439
123344
252429
324051
333318
738199
326794
624429
237610
891546
52074
263279
672723
793918
450926
105272
608998
811162
584298
268257
166703
134391
970684
471503
738855
105447
691161
260185
955476
73278
760771
330448
122767
341554
679895
709935
912289
883211
859586
59872
172487
138758
113300
563113
70357
164812
48749
343345
443831
421130
729299
870259
60114
798828
314854
574910
266185
856443
410026
842534
62427
727441
859716
536523
830889
407157
603200
633411
34837
801687
191759
715111
713543
48873
196686
233591
500297
293207
181697
805035
809426
476837
729630
407831
784352
708388
918982
350073
185726
675729
842575
898146
111397
999818
969916
331839
448767
983662
772942
13060
820998
620496
547763
357876
643083
849814
611997
77711
442579
378996
479790
400408
171484
387905
586255
996929
471037
689203
107232
7861
21675
99324
655625
997250
482456
409600
75439
712418
89205
262001
805315
600228
377177
896841
793076
125756
390266
775907
786373
523747
823831
497143
90809
886380
493944
499696
493034
450021
947853
406700
838584
116262
74420
463759
335455
681337
168342
748740
478818
807845
371632
611794
722468
326105
892720
896662
42709
116210
166837
227811
666569
963049
977145
979634
76900
634396
694347
920711
209714
790903
763508
653603
742227
833599
335356
814432
869331
988475
171333
143916
874968
933311
132436
631332
436981
30742
94128
585868
460827
152843
96483
639273
17134
320020
166109
752956
823286
496924
913784
619611
282668
695340
990295
705325
633204
901493
233511
326273
350507
277948
335175
297739
144597
735266
820804
501629
980793
923407
282365
559870
993289
51515
79590
563594
898489
210584
709159
660326
978864
122144
604900
984638
462748
730166
800792
615389
799200
426811
537562
880455
510121
932528
1090
330934
164894
48643
1765
59312
63797
294072
982523
816769
709539
579061
135266
434202
459179
430954
184443
517446
343512
851099
852723
201733
774662
99979
273116
61895
29210
645383
89657
604358
74449
327372
295065
869184
470518
945813
642842
75472
56749
407173
241999
919784
757293
395502
478780
159405
620619
2172
653246
571247
770929
226562
513543
676804
365229
159582
68423
519552
184422
285386
629223
698386
114473
