45.906658825962126
1.1464362937655466
96.60128769515265
22.11963696293948
28.163850815447375
-31.135368739985907
54.616163090749694
-81.29362724488195
55.57602885041399
-32.357822497385385
-78.63191128651543
67.52264474777024
-96.07671327060207
58.706051764675124
23.134030771004888
-39.19321391175803
-87.45703247116887
56.38809997485984
-19.42790815553228
-41.714579285855756
-34.29711844020193
-74.74186174854452
5.9807327489344
-79.44837962669588
-17.054639416416677
-15.473441885764586
-26.283523977104622
-90.27460937343719
-83.25191891615134
-88.33412345467633
9.088655806161867
31.474792522046272
76.35545755435322
-9.479038133948947
39.682654709847384
-51.07855491781987
23.392106259688063
-41.25188038909311
-42.05417238180473
11.649339343289597
-82.12216008402187
-24.756679878292815
-44.99681533252995
-88.018692750496
32.521346717803794
50.29041399912629
3.052655483672112
-94.11724430115338
-1.322437739846066
-40.519782562796934
-12.67736553203163
-82.70238199298039
-0.8884216241237652
-2.9780524056653377
18.457265137176847
82.41670125862467
-19.28028107248545
-85.11147204570962
-7.6722728505921935
84.32408502496332
24.616205782032168
41.30782010512644
-93.34928580237778
-21.337650245013734
81.50170710305292
75.43204002776389
-7.572073855398131
-82.59712679470775
-43.012183036718746
14.587880210298081
-26.89666829261435
40.502667302418985
-85.44062233336327
86.33034760160638
-74.53219875257523
24.174539809709827
-46.885711362983386
29.5934246804442
83.72337337757372
-50.30721807612855
-88.47160601458395
-2.448846474726764
-98.24762794496856
88.10169914137359
54.45068634898419
-60.627054727861164
-31.480644246685202
83.88980684573028
-98.45798770838175
-41.122714281462926
-42.333340147920765
64.63774842235145
-23.371774292190878
45.15825000762584
84.74718887899502
3.8432484103556135
73.74651591567667
-76.4203049441839
-55.829222004230814
20.571847183033626
